messageID = 1

myStart = 0

countToMaxLength = 0

durationCounter = 0

message1 = [[11,11,11,11,11,11,11,11,11,11,11,11,11,11,11,11,11,11,11,11,11,11,11,11,11,11,11,11,11,11,11,11,11,11,11,11,11,11,11],
            [10,10,10,11,10,11,10,10,11,11,10,10,10,11,10,10,11,11,11,10,11,10,11,11,10,11,11,10,10,10,11,10,11,10,11,10,10,10,11],
            [11,10,11,11,10,11,10,11,10,11,10,11,11,11,10,11,10,11,11,10,11,10,10,11,10,11,11,11,10,11,11,10,11,10,11,10,11,11,11],
            [11,10,11,11,10,11,10,11,10,11,10,10,10,11,10,11,10,11,11,10,11,10,11,10,10,11,11,11,10,11,11,10,10,10,11,10,10,10,11],
            [11,10,11,11,10,11,10,10,11,11,10,11,11,11,10,11,10,11,11,10,11,10,11,11,10,11,11,11,10,11,11,10,11,10,11,10,11,11,11],
            [11,10,11,11,10,11,10,11,10,11,10,11,11,11,10,11,10,11,11,10,11,10,11,11,10,11,11,11,10,11,11,10,11,10,11,10,11,11,11],
            [11,10,11,11,10,11,10,11,10,11,10,10,10,11,10,10,11,11,11,10,11,10,11,11,10,11,11,11,10,11,11,10,11,10,11,10,10,10,11],
            [11,11,11,11,11,11,11,11,11,11,11,11,11,11,11,11,11,11,11,11,11,11,11,11,11,11,11,11,11,11,11,11,11,11,11,11,11,11,11]]

message1 = [[11,11,11,11,11,11,11,11,11,11,11,11,11,11,11,11,11,11,11,11,11,11,11,11,11,11,11,11,11,11,11,11,11,11,11,11,11,11,11],
            [11,10,11,11,11,10,11,10,10,10,11,10,10,11,11,10,11,11,10,11,10,11,10,11,11,10,11,10,11,10,10,10,11,11,11,10,11,11,11],
            [11,10,10,11,10,10,11,10,11,10,11,10,11,10,11,10,10,11,10,11,10,11,10,10,11,10,11,10,11,10,11,11,11,11,10,11,10,11,11],
            [11,10,11,10,11,10,11,10,11,10,11,10,11,10,11,10,11,10,10,11,10,11,10,11,10,10,11,10,11,10,11,11,11,11,11,11,10,11,11],
            [11,10,11,11,11,10,11,10,11,10,11,10,10,11,11,10,11,11,10,11,10,11,10,11,11,10,11,10,11,10,11,10,10,11,11,10,11,11,11],
            [11,10,11,11,11,10,11,10,11,10,11,10,11,10,11,10,11,11,10,11,10,11,10,11,11,10,11,10,11,10,11,10,11,11,11,11,11,11,11],
            [11,10,11,11,11,10,11,10,10,10,11,10,11,10,11,10,11,11,10,11,10,11,10,11,11,10,11,10,11,10,10,10,11,11,11,10,11,11,11],
            [11,11,11,11,11,11,11,11,11,11,11,11,11,11,11,11,11,11,11,11,11,11,11,11,11,11,11,11,11,11,11,11,11,11,11,11,11,11,11]]
